11637517425929961153399192474194193617118391645588
13813736728297678851365895426853471916891198963254
21365113283624772317979867167914879926189936738691
36949315699321293529579474998749899671586962918536
74634171117689914956843234122359919139839617179688
13191281379499668692898398253153791926935368263667
13599124211751167727427419892781778121317184483372
31254216392761818199728713518542473498739889232469
12931385214391351781548291479991447976797432396963
23119445811158894598919822499718738926893182429957
95818281277994999252756329142725471724799989869991
53918987152414199391917819639148198413743287887828
24526959911789611193142721899912637912923247811395
81989848849274979988936599729118981468349786159916
78193539199644985651891179914279811683996993978564
15913246416841294835883939465379841936819922929947
93761927226883499396579375695898979736546993833672
68296295892581736422659685699969794144567672126986
44367567497631944593242419118899141896361779275997
17174277629993549789913955836784678597918697339997
69727199761997943859139615887999117179989377797119
99764971891287433327936525379935196829651319196747
99376661412581591798734931611283976422978244368395
43534789277639344987294696199816253528999799269392
55668827271839167358999856929396519496662619124894
51693599556899717269689279279372872989587978751182
12376897926173811349986894915948719662119373578118
87295997789385291934197266281221816999979819919329
18175979749879364397929419699797996959139674674297
99936891998215812135421618649391518996219857796793
49911936788885997291878221993796796537726468894999
77516996839919194199713685866321599196766868929823
97727199881391189399131992717461772528773455581869
56996889538959258192277963546618149991865596399582
49961158925827196981366553865977213999748196578938
47388958871728349923695939215924991758142881175939
98916689166128374915448999619182942759699773915392
81689294421975432815293736933385577947892983761284
57698973171945575276132927723879923685781472184828
83329699365294322889676591196871752119596561718677
57328926975998814789164751681528792216312314295829
61837719638185287291467183565973647599118278989586
71174595797266391187287835266999589934548121289286
97992986185391141228684333294686976151697672422115
99112546189268523697941196557122877951939919819881
51277188788634858879798292689112934819827217137195
17964578896683943462771689148161154127499699892918
55799993798165595895954936446967962764315236999995
99199961911292711599947892598744488747998228952915
52891963149422518974116658399419811969447289182973
